gaiaid,Vmag,period,feh,feh_e,AV_SandF,AV_SFD
3111925220109675136,11.5276,-0.322095,-0.6,0.13,0.3082,0.3584
5360400630327427072,11.3856,-0.277834,-1.6,0.13,0.8532,0.9921
3604450388616968576,11.4926,-0.211066,-1.6,0.13,0.1948,0.2265
3677686044939929728,11.3491,-0.279211,-2.2,0.13,0.084,0.0977
5335614752064948224,11.9208,-0.343723,-2.35,0.13,2.2596,2.6274
5810433728873201408,12.2945,-0.326237,-0.75,0.13,0.2239,0.2603
3030561879348972544,11.3091,-0.134184,-1.4,0.13,0.9569,1.1127
6701724002113004928,11.9687,-0.279842,-1.7,0.13,0.3296,0.3832
2371321782802181888,11.6571,-0.231895,-1.45,0.13,0.0642,0.0746
2981136563934324224,9.7737,-0.231176,-1.45,0.13,0.1773,0.2062
4818854972838127360,10.9036,-0.319809,-1.35,0.13,0.0779,0.0906
3652665558338018048,11.5573,-0.386361,-0.75,0.13,0.1114,0.1295
5045760843864182528,12.3062,-0.094873,-1.75,0.13,0.0401,0.0467
4860671839583430912,11.0749,-0.217994,-1.95,0.13,0.0372,0.0432
4818348922610995200,12.1142,-0.376978,-0.75,0.13,0.0382,0.0444
2973463347160718976,10.5466,-0.235469,-2.1,0.13,0.091,0.1058
4784552718312266624,11.3411,-0.356171,-0.6,0.13,0.0261,0.0304
2414817603803476864,12.0383,-0.217483,-1.75,0.13,0.0606,0.0705
6730211038418525056,10.5696,-0.229641,-1.55,0.13,0.273,0.3175
6120897123486850944,11.3367,-0.30629,-1.7,0.13,0.2306,0.2682
5283957629860435072,11.7502,-0.243676,-1.6,0.13,0.1733,0.2015
4417888542753226112,10.1917,-0.146243,-1.95,0.13,0.1116,0.1298
5461994302138361728,10.8246,-0.240833,-1.8,0.13,0.1811,0.2106
5918501428232052992,12.0898,-0.230211,-1.0,0.13,0.2882,0.3351
3587566361077304704,11.4021,-0.134989,-1.7,0.13,0.0748,0.0869
6787617919184986496,11.5846,-0.231423,-1.65,0.13,0.2571,0.299
4825302302864705152,12.4945,-0.312167,-1.55,0.13,0.0618,0.0719
234108363683247616,10.4987,-0.371041,-0.41,0.1,3.4826,4.0495
315028326379733760,12.4239,-0.249395,-1.51,0.12,0.1022,0.1188
349612816093349120,12.1825,-0.314507,-0.57,0.1,0.1793,0.2085
630421935431871232,10.7454,-0.344478,-1.49,0.1,0.1155,0.1343
1009665142487836032,9.8633,-0.223718,-1.64,0.1,0.0475,0.0552
1058066262817534336,9.7935,-0.180185,-1.91,0.1,0.0265,0.0308
1286188056265485952,10.345,-0.423276,-0.49,0.1,0.0394,0.0458
1374971558625266432,10.8996,-0.206009,-1.77,0.1,0.0531,0.0618
1483653713185923072,10.5195,-0.258247,-1.32,0.14,0.0119,0.0138
1533880980593444352,12.0572,-0.156266,-2.35,0.13,0.0631,0.0734
1561928427003019520,10.7101,-0.329694,-1.39,0.1,0.0519,0.0603
1683444631038133248,10.4824,-0.244382,-1.33,0.1,0.0388,0.0452
1760981190300823808,10.0219,-0.325485,-0.54,0.1,0.3604,0.4191
2099623285533405952,12.4488,-0.166203,-2.68,0.11,0.4577,0.5322
2110264427784391168,10.9813,-0.355649,-0.44,0.1,0.18,0.2093
2142052889490819328,9.768,-0.331059,-1.7,0.1,0.3399,0.3952
2254366868398077312,10.1757,-0.321942,-0.96,0.1,0.2041,0.2374
2373827054405627904,11.3831,-0.241325,-1.52,0.1,0.0763,0.0887
2381771781829913984,11.1367,-0.198091,-1.9,0.15,0.0683,0.0794
2438710609949867776,11.4121,-0.317071,-0.83,0.1,0.0739,0.0859
2497458508359533184,12.6527,-0.261117,-1.86,0.21,0.1454,0.1691
2558296724402139392,9.8049,-0.257253,-1.55,0.1,0.0628,0.073
2689556491246048896,11.1349,-0.337899,-1.52,0.15,0.2307,0.2682
2828497068363486720,10.5262,-0.193143,-1.59,0.1,0.2234,0.2598
3626569264033312896,11.9316,-0.256922,-1.82,0.1,0.109,0.1267
3797319369672686592,10.9482,-0.203186,-2.05,0.1,0.054,0.0627
4224859720193721856,11.8469,-0.441548,-0.46,0.1,0.2223,0.2585
4593112037219674368,11.7902,-0.238732,-1.49,0.1,0.1785,0.2075
4596935593202765184,11.2546,-0.398374,-0.49,0.1,0.1156,0.1344
4709830423483623808,11.3501,-0.192289,-1.9,0.15,0.0554,0.0644
5510293236607430656,11.2521,-0.408105,-1.07,0.15,0.4713,0.548
5769986338215537280,10.9363,-0.243239,-1.64,0.1,0.4705,0.5471
5773390391856998656,12.3227,-0.231167,-1.92,0.1,0.3928,0.4568
6380659528686603008,12.7386,-0.259577,-1.79,0.1,0.072,0.0837
6483680332235888896,10.1282,-0.319119,-1.6,0.14,0.1318,0.1533
6680420204104678272,11.386,-0.257313,-2.07,0.1,0.1676,0.1949
6771307454464848768,10.4622,-0.321034,-1.29,0.1,0.2583,0.3004
5743059538967112576,11.2649,-0.269842,-1.9,0.22,0.099,0.1151
6226585956422527616,12.4816,-0.155828,-1.61,0.22,0.3897,0.4532
2052162282013412992,15.2256,-0.312481,-1.8,0.13,0.5828,0.6776
2073301252055048704,14.7994,-0.261333,-1.33,0.1,0.6213,0.7225
2073691475601022336,15.2252,-0.280961,-0.56,0.1,1.381,1.6058
2073795929206140416,14.8015,-0.207123,-1.3,0.1,1.1717,1.3625
2075326037075060352,15.159,-0.272373,-0.19,0.1,0.9353,1.0876
2080455705486937728,15.8967,-0.273115,-1.42,0.14,0.4219,0.4906
2101971601853190912,13.1319,-0.165184,-1.47,0.1,0.2876,0.3344
2102990574253407744,16.2436,-0.340562,-1.42,0.1,0.1621,0.1885
2104438871583819904,13.573,-0.311449,-0.3,0.1,0.2786,0.3239
2104473677999021312,16.1649,-0.250502,-1.58,0.1,0.2663,0.3097
2105004192359662336,14.2378,-0.324488,-1.28,0.1,0.2201,0.2559
2105468529864072704,13.37,-0.230771,-2.03,0.1,0.1777,0.2067
2106556462259590272,15.8895,-0.253702,-1.64,0.1,0.1325,0.1541
2119119619555858944,15.6942,-0.22604,-1.97,0.1,0.1361,0.1583
2127818405800967936,13.5348,-0.260755,-0.73,0.1,0.1813,0.2109
2127827579851196800,14.47,-0.362738,-0.19,0.1,0.1895,0.2204
2128131113782390144,16.2721,-0.254213,-1.41,0.15,0.3978,0.4626
2130324914355524992,15.4167,-0.278169,-1.3,0.1,0.1706,0.1983
2131968508140833920,11.7607,-0.212386,-1.23,0.1,0.1452,0.1688
2132161064413068160,12.7791,-0.162909,-1.47,0.1,0.1258,0.1463
2133132895253493760,14.3874,-0.360133,-1.37,0.15,0.2231,0.2594
5412243359495900928,11.9707,-0.24146,-1.92,0.1,0.7993,0.9294
6570585628216929408,14.0016,-0.244097,-2.13,0.1,0.0399,0.0464
6573170751851975936,14.8485,-0.174732,-2.89,0.1,0.0381,0.0443
